#Generated by fsstats v1.4.5 (03/22/2008)
#Comment: This is a comment line that can be modified or repeated before
#uploading to record voluntarily added information.

skipped special files,0
skipped duplicate hardlinks,0
skipped snapshot dirs,0
total capacity used,634.01 GB
total user data,534.43 GB
percent overhead,0.157064

histogram,file size
count,180420,items
average,3106.001463,KB
min,0,KB
max,9297987,KB
bucket min,bucket max,count,percent,cumulative pct,val count,percent,cumulative pct
0,2,10438,0.057854,0.057854,4114.267578,0.000007,0.000007
2,4,1672,0.009267,0.067121,6293.162109,0.000011,0.000019
4,8,2650,0.014688,0.081809,15115.755859,0.000027,0.000046
8,16,121801,0.675097,0.756906,1581491.493164,0.002822,0.002868
16,32,6623,0.036709,0.793615,156375.613281,0.000279,0.003147
32,64,12,0.000067,0.793681,486.926758,0.000001,0.003148
64,128,5,0.000028,0.793709,532.867188,0.000001,0.003149
128,256,16,0.000089,0.793798,3094.634766,0.000006,0.003154
256,512,5120,0.028378,0.822176,2060149.622070,0.003676,0.006830
512,1024,5447,0.030191,0.852367,4161322.475586,0.007426,0.014256
1024,2048,2828,0.015675,0.868041,4832461.077148,0.008623,0.022880
2048,4096,12259,0.067947,0.935988,40700418.843750,0.072629,0.095509
4096,8192,818,0.004534,0.940522,3509964.376953,0.006263,0.101773
8192,16384,17,0.000094,0.940616,156847.912109,0.000280,0.102053
16384,32768,3822,0.021184,0.961800,105183489.541992,0.187699,0.289751
32768,65536,6767,0.037507,0.999307,254200600.430664,0.453618,0.743369
65536,131072,10,0.000055,0.999363,753169.338867,0.001344,0.744713
131072,262144,1,0.000006,0.999368,139616.000000,0.000249,0.744962
262144,524288,23,0.000127,0.999496,9908086.392578,0.017681,0.762643
524288,1048576,57,0.000316,0.999812,44305159.823242,0.079062,0.841705
1048576,2097152,28,0.000155,0.999967,36708338.825195,0.065506,0.907211
4194304,8388608,2,0.000011,0.999978,16307918.887695,0.029101,0.936312
8388608,16777216,4,0.000022,1.000000,35689735.643555,0.063688,1.000000

histogram,capacity used
count,180420,items
average,3684.581787,KB
min,1,KB
max,10854705,KB
bucket min,bucket max,count,percent,cumulative pct,val count,percent,cumulative pct
0,2,33,0.000183,0.000183,49.500000,0.000000,0.000000
16,32,14727,0.081626,0.081809,375538.500000,0.000565,0.000565
32,64,121801,0.675097,0.756906,6029149.500000,0.009069,0.009634
64,128,6632,0.036759,0.793665,577068.000000,0.000868,0.010503
128,256,4,0.000022,0.793687,726.000000,0.000001,0.010504
256,512,20,0.000111,0.793798,8742.000000,0.000013,0.010517
512,1024,7560,0.041902,0.835700,5718188.000000,0.008602,0.019119
1024,2048,3902,0.021627,0.857327,4901133.000000,0.007373,0.026491
2048,4096,7129,0.039513,0.896841,22685661.500000,0.034125,0.060617
4096,8192,7861,0.043571,0.940411,35404351.500000,0.053258,0.113875
8192,16384,36,0.000200,0.940611,343750.000000,0.000517,0.114392
16384,32768,2048,0.011351,0.951962,59583320.000000,0.089630,0.204021
32768,65536,8539,0.047328,0.999291,361062856.500000,0.543138,0.747159
65536,131072,13,0.000072,0.999363,1082915.500000,0.001629,0.748788
131072,262144,1,0.000006,0.999368,159745.500000,0.000240,0.749028
262144,524288,18,0.000100,0.999468,8784963.000000,0.013215,0.762243
524288,1048576,48,0.000266,0.999734,39210088.000000,0.058983,0.821226
1048576,2097152,42,0.000233,0.999967,58142239.000000,0.087462,0.908688
8388608,16777216,6,0.000033,1.000000,60701761.000000,0.091312,1.000000

histogram,positive overhead
count,180449,items
average,578.653348,KB
min,1,KB
max,1556717,KB
bucket min,bucket max,count,percent,cumulative pct,val count,percent,cumulative pct
0,2,10451,0.057917,0.057917,261493.250000,0.002504,0.002504
2,4,1674,0.009277,0.067194,36388.035156,0.000348,0.002853
4,8,2650,0.014686,0.081879,52459.244141,0.000502,0.003355
8,16,121801,0.674989,0.756868,4447658.006836,0.042595,0.045950
16,32,6623,0.036703,0.793570,419598.886719,0.004018,0.049969
32,64,13,0.000072,0.793643,1269.456055,0.000012,0.049981
64,128,7,0.000039,0.793681,2087.880859,0.000020,0.050001
128,256,17,0.000094,0.793776,5010.543945,0.000048,0.050049
256,512,5122,0.028385,0.822160,1341881.071289,0.012851,0.062900
512,1024,5455,0.030230,0.852390,1451536.727539,0.013901,0.076801
1024,2048,2828,0.015672,0.868062,1317892.922852,0.012621,0.089423
2048,4096,12259,0.067936,0.935999,8871897.656250,0.084966,0.174388
4096,8192,818,0.004533,0.940532,666246.623047,0.006381,0.180769
8192,16384,17,0.000094,0.940626,28033.587891,0.000268,0.181037
16384,32768,3822,0.021180,0.961806,18098787.458008,0.173331,0.354368
32768,65536,6767,0.037501,0.999307,43348614.069336,0.415147,0.769516
65536,131072,10,0.000055,0.999363,126621.661133,0.001213,0.770728
131072,262144,1,0.000006,0.999368,20129.500000,0.000193,0.770921
262144,524288,23,0.000127,0.999496,1660180.107422,0.015899,0.786821
524288,1048576,57,0.000316,0.999812,7415037.676758,0.071013,0.857834
1048576,2097152,28,0.000155,0.999967,6140487.174805,0.058807,0.916641
4194304,8388608,2,0.000011,0.999978,2729044.112305,0.026136,0.942777
8388608,16777216,4,0.000022,1.000000,5975062.356445,0.057223,1.000000

histogram,negative overhead
count,0,items
average,0.000000,KB
min,0,KB
max,0,KB
bucket min,bucket max,count,percent,cumulative pct,val count,percent,cumulative pct

histogram,directory size (entries)
count,28,items
average,6444.571429,ents
min,0,ents
max,18480,ents
bucket min,bucket max,count,percent,cumulative pct,val count,percent,cumulative pct
0,1,3,0.107143,0.107143,2.000000,0.000011,0.000011
2,3,1,0.035714,0.142857,3.000000,0.000017,0.000028
8,15,4,0.142857,0.285714,41.000000,0.000227,0.000255
16,31,3,0.107143,0.392857,60.000000,0.000333,0.000587
32,63,3,0.107143,0.500000,140.000000,0.000776,0.001363
1024,2047,1,0.035714,0.535714,1085.000000,0.006013,0.007376
2048,4095,2,0.071429,0.607143,5334.000000,0.029560,0.036936
4096,8191,1,0.035714,0.642857,5313.000000,0.029443,0.066379
8192,16383,2,0.071429,0.714286,20630.000000,0.114327,0.180706
16384,32767,8,0.285714,1.000000,147840.000000,0.819294,1.000000

histogram,directory size
count,28,items
average,231.125523,KB
min,0,KB
max,667,KB
bucket min,bucket max,count,percent,cumulative pct,val count,percent,cumulative pct
0,2,12,0.428571,0.428571,4.917969,0.000760,0.000760
2,4,2,0.071429,0.500000,5.802734,0.000897,0.001657
32,64,1,0.035714,0.535714,39.117188,0.006045,0.007701
64,128,2,0.071429,0.607143,197.751953,0.030557,0.038258
128,256,1,0.035714,0.642857,176.321289,0.027246,0.065504
256,512,2,0.071429,0.714286,708.306641,0.109450,0.174954
512,1024,8,0.285714,1.000000,5339.296875,0.825046,1.000000

histogram,filename length
count,180449,items
average,18.724565,chars
min,4,chars
max,62,chars
bucket min,bucket max,count,percent,cumulative pct,val count,percent,cumulative pct
0,7,22,0.000122,0.000122,117.000000,0.000035,0.000035
8,15,244,0.001352,0.001474,3061.000000,0.000906,0.000941
16,23,180033,0.997695,0.999169,3370303.000000,0.997477,0.998417
24,31,43,0.000238,0.999407,1145.000000,0.000339,0.998756
32,39,36,0.000200,0.999607,1283.000000,0.000380,0.999136
40,47,69,0.000382,0.999989,2809.000000,0.000831,0.999967
48,55,1,0.000006,0.999994,49.000000,0.000015,0.999982
56,63,1,0.000006,1.000000,62.000000,0.000018,1.000000

histogram,link count
count,180420,items
average,1.000000,links
min,1,links
max,1,links
bucket min,bucket max,count,percent,cumulative pct,val count,percent,cumulative pct
0,1,180420,1.000000,1.000000,180420.000000,1.000000,1.000000

histogram,symlink target length
count,1,items
average,66.000000,chars
min,66,chars
max,66,chars
bucket min,bucket max,count,percent,cumulative pct,val count,percent,cumulative pct
64,71,1,1.000000,1.000000,66.000000,1.000000,1.000000

relative symlink target pct,0.000000
absolute symlink target pct,1.000000
histogram,mtime (files)
count,180420,items
average,59.058283,days
min,0,days
max,279,days
bucket min,bucket max,count,percent,cumulative pct,val count,percent,cumulative pct
0,2,10056,0.055737,0.055737,6684.252627,0.000627,0.000627
16,32,1,0.000006,0.055742,26.697130,0.000003,0.000630
32,64,170261,0.943692,0.999435,10640138.161852,0.998577,0.999207
64,128,91,0.000504,0.999939,6185.000868,0.000580,0.999788
128,256,10,0.000055,0.999994,1982.082824,0.000186,0.999974
256,512,1,0.000006,1.000000,279.256134,0.000026,1.000000

histogram,mtime (KB)
count,560384783,items
average,56.631848,days
min,0,days
max,279,days
bucket min,bucket max,count,percent,cumulative pct,val count,percent,cumulative pct
0,2,48622990,0.086767,0.086767,42667302.170334,0.001344,0.001344
16,32,15,0.000000,0.086767,405.540870,0.000000,0.001344
32,64,511108753,0.912068,0.998835,31649774041.806374,0.997295,0.998639
64,128,653018,0.001165,1.000000,43182965.594281,0.001361,1.000000
128,256,6,0.000000,1.000000,1237.185116,0.000000,1.000000
256,512,0,0.000000,1.000000,177.807617,0.000000,1.000000

histogram,ctime (files)
count,180420,items
average,59.048917,days
min,0,days
max,68,days
bucket min,bucket max,count,percent,cumulative pct,val count,percent,cumulative pct
0,2,10057,0.055742,0.055742,6685.424954,0.000628,0.000628
16,32,1,0.000006,0.055748,26.697130,0.000003,0.000630
32,64,170260,0.943687,0.999435,10640076.498507,0.998730,0.999360
64,128,102,0.000565,1.000000,6816.993380,0.000640,1.000000

histogram,ctime (KB)
count,560384783,items
average,56.631745,days
min,0,days
max,68,days
bucket min,bucket max,count,percent,cumulative pct,val count,percent,cumulative pct
0,2,48622990,0.086767,0.086767,42667164.268450,0.001344,0.001344
16,32,15,0.000000,0.086767,405.540870,0.000000,0.001344
32,64,511108752,0.912068,0.998835,31649769780.831326,0.997296,0.998641
64,128,653025,0.001165,1.000000,43130757.232327,0.001359,1.000000

histogram,atime (files)
count,180420,items
average,59.058283,days
min,0,days
max,279,days
bucket min,bucket max,count,percent,cumulative pct,val count,percent,cumulative pct
0,2,10056,0.055737,0.055737,6684.252627,0.000627,0.000627
16,32,1,0.000006,0.055742,26.697130,0.000003,0.000630
32,64,170261,0.943692,0.999435,10640138.161852,0.998577,0.999207
64,128,91,0.000504,0.999939,6185.000868,0.000580,0.999788
128,256,10,0.000055,0.999994,1982.082824,0.000186,0.999974
256,512,1,0.000006,1.000000,279.256134,0.000026,1.000000

histogram,atime (KB)
count,560384783,items
average,56.631848,days
min,0,days
max,279,days
bucket min,bucket max,count,percent,cumulative pct,val count,percent,cumulative pct
0,2,48622990,0.086767,0.086767,42667302.170334,0.001344,0.001344
16,32,15,0.000000,0.086767,405.540870,0.000000,0.001344
32,64,511108753,0.912068,0.998835,31649774041.806374,0.997295,0.998639
64,128,653018,0.001165,1.000000,43182965.594281,0.001361,1.000000
128,256,6,0.000000,1.000000,1237.185116,0.000000,1.000000
256,512,0,0.000000,1.000000,177.807617,0.000000,1.000000

