#Generated by fsstats v1.4.5 (03/22/2008)
#Comment: This is a comment line that can be modified or repeated before
#uploading to record voluntarily added information.

skipped special files,0
skipped duplicate hardlinks,0
skipped snapshot dirs,0
total capacity used,26.15 GB
total user data,21.42 GB
percent overhead,0.180923

histogram,file size
count,10506,items
average,2137.731480,KB
min,0,KB
max,11522,KB
bucket min,bucket max,count,percent,cumulative pct,val count,percent,cumulative pct
0,2,1667,0.158671,0.158671,456.274414,0.000020,0.000020
2,4,2,0.000190,0.158862,4.817383,0.000000,0.000021
4,8,801,0.076242,0.235104,3870.012695,0.000172,0.000193
8,16,9,0.000857,0.235960,81.455078,0.000004,0.000196
64,128,2,0.000190,0.236151,195.190430,0.000009,0.000205
256,512,1136,0.108129,0.344279,487588.323242,0.021710,0.021915
512,1024,1388,0.132115,0.476394,1135533.098633,0.050560,0.072476
1024,2048,1680,0.159909,0.636303,2162877.418945,0.096303,0.168779
2048,4096,2735,0.260327,0.896630,9675624.369141,0.430813,0.599592
4096,8192,325,0.030935,0.927565,1639565.708008,0.073003,0.672594
8192,16384,761,0.072435,1.000000,7353210.255859,0.327406,1.000000

histogram,capacity used
count,10506,items
average,2609.761184,KB
min,1,KB
max,13601,KB
bucket min,bucket max,count,percent,cumulative pct,val count,percent,cumulative pct
0,2,20,0.001904,0.001904,30.000000,0.000001,0.000001
16,32,2450,0.233200,0.235104,62475.000000,0.002279,0.002280
32,64,9,0.000857,0.235960,445.500000,0.000016,0.002296
128,256,1,0.000095,0.236056,217.500000,0.000008,0.002304
256,512,1,0.000095,0.236151,385.500000,0.000014,0.002318
512,1024,1344,0.127927,0.364078,980360.000000,0.035756,0.038074
1024,2048,2658,0.252998,0.617076,3494795.000000,0.127463,0.165537
2048,4096,627,0.059680,0.676756,1798244.500000,0.065586,0.231123
4096,8192,2575,0.245098,0.921854,11796838.500000,0.430257,0.661379
8192,16384,821,0.078146,1.000000,9284359.500000,0.338621,1.000000

histogram,positive overhead
count,10526,items
average,471.305297,KB
min,1,KB
max,2081,KB
bucket min,bucket max,count,percent,cumulative pct,val count,percent,cumulative pct
0,2,1677,0.159320,0.159320,41680.199219,0.008402,0.008402
2,4,2,0.000190,0.159510,46.182617,0.000009,0.008411
4,8,801,0.076097,0.235607,16555.487305,0.003337,0.011748
8,16,9,0.000855,0.236462,364.044922,0.000073,0.011821
16,32,1,0.000095,0.236557,164.000000,0.000033,0.011855
32,64,9,0.000855,0.237412,1543.502930,0.000311,0.012166
64,128,2,0.000190,0.237602,407.809570,0.000082,0.012248
256,512,1136,0.107923,0.345525,297115.676758,0.059891,0.072139
512,1024,1388,0.131864,0.477389,363020.901367,0.073176,0.145314
1024,2048,1680,0.159605,0.636994,502666.581055,0.101324,0.246639
2048,4096,2735,0.259833,0.896827,2078150.130859,0.418901,0.665539
4096,8192,325,0.030876,0.927703,308889.791992,0.062264,0.727804
8192,16384,761,0.072297,1.000000,1350355.244141,0.272196,1.000000

histogram,negative overhead
count,0,items
average,0.000000,KB
min,0,KB
max,0,KB
bucket min,bucket max,count,percent,cumulative pct,val count,percent,cumulative pct

histogram,directory size (entries)
count,19,items
average,553.947368,ents
min,0,ents
max,1619,ents
bucket min,bucket max,count,percent,cumulative pct,val count,percent,cumulative pct
0,1,2,0.105263,0.105263,1.000000,0.000095,0.000095
2,3,2,0.105263,0.210526,5.000000,0.000475,0.000570
8,15,3,0.157895,0.368421,32.000000,0.003040,0.003610
16,31,2,0.105263,0.473684,50.000000,0.004751,0.008361
512,1023,9,0.473684,0.947368,8818.000000,0.837815,0.846176
1024,2047,1,0.052632,1.000000,1619.000000,0.153824,1.000000

histogram,directory size
count,19,items
average,19.708368,KB
min,0,KB
max,53,KB
bucket min,bucket max,count,percent,cumulative pct,val count,percent,cumulative pct
0,2,9,0.473684,0.473684,2.961914,0.007910,0.007910
16,32,1,0.052632,0.526316,29.500000,0.078780,0.086690
32,64,9,0.473684,1.000000,341.997070,0.913310,1.000000

histogram,filename length
count,10526,items
average,18.436063,chars
min,4,chars
max,62,chars
bucket min,bucket max,count,percent,cumulative pct,val count,percent,cumulative pct
0,7,16,0.001520,0.001520,77.000000,0.000397,0.000397
8,15,45,0.004275,0.005795,583.000000,0.003004,0.003401
16,23,10452,0.992970,0.998765,192899.000000,0.994028,0.997429
24,31,4,0.000380,0.999145,108.000000,0.000557,0.997985
32,39,5,0.000475,0.999620,182.000000,0.000938,0.998923
48,55,3,0.000285,0.999905,147.000000,0.000758,0.999681
56,63,1,0.000095,1.000000,62.000000,0.000319,1.000000

histogram,link count
count,10506,items
average,1.000000,links
min,1,links
max,1,links
bucket min,bucket max,count,percent,cumulative pct,val count,percent,cumulative pct
0,1,10506,1.000000,1.000000,10506.000000,1.000000,1.000000

histogram,symlink target length
count,1,items
average,66.000000,chars
min,66,chars
max,66,chars
bucket min,bucket max,count,percent,cumulative pct,val count,percent,cumulative pct
64,71,1,1.000000,1.000000,66.000000,1.000000,1.000000

relative symlink target pct,0.000000
absolute symlink target pct,1.000000
histogram,mtime (files)
count,10506,items
average,29.251278,days
min,28,days
max,182,days
bucket min,bucket max,count,percent,cumulative pct,val count,percent,cumulative pct
16,32,10483,0.997811,0.997811,304846.167512,0.991970,0.991970
32,64,3,0.000286,0.998096,180.688333,0.000588,0.992558
64,128,7,0.000666,0.998763,563.825463,0.001835,0.994393
128,256,13,0.001237,1.000000,1723.242801,0.005607,1.000000

histogram,mtime (KB)
count,22459006,items
average,29.095928,days
min,28,days
max,182,days
bucket min,bucket max,count,percent,cumulative pct,val count,percent,cumulative pct
16,32,22458988,0.999999,0.999999,653463661.536852,0.999997,0.999997
32,64,3,0.000000,0.999999,181.307526,0.000000,0.999997
64,128,7,0.000000,1.000000,715.727707,0.000001,0.999998
128,256,7,0.000000,1.000000,1090.461871,0.000002,1.000000

histogram,ctime (files)
count,10506,items
average,29.080130,days
min,28,days
max,29,days
bucket min,bucket max,count,percent,cumulative pct,val count,percent,cumulative pct
16,32,10506,1.000000,1.000000,305515.845498,1.000000,1.000000

histogram,ctime (KB)
count,22459006,items
average,29.095299,days
min,28,days
max,29,days
bucket min,bucket max,count,percent,cumulative pct,val count,percent,cumulative pct
16,32,22459006,1.000000,1.000000,653451518.130201,1.000000,1.000000

histogram,atime (files)
count,10506,items
average,29.251278,days
min,28,days
max,182,days
bucket min,bucket max,count,percent,cumulative pct,val count,percent,cumulative pct
16,32,10483,0.997811,0.997811,304846.167512,0.991970,0.991970
32,64,3,0.000286,0.998096,180.688333,0.000588,0.992558
64,128,7,0.000666,0.998763,563.825463,0.001835,0.994393
128,256,13,0.001237,1.000000,1723.242801,0.005607,1.000000

histogram,atime (KB)
count,22459006,items
average,29.095928,days
min,28,days
max,182,days
bucket min,bucket max,count,percent,cumulative pct,val count,percent,cumulative pct
16,32,22458988,0.999999,0.999999,653463661.536852,0.999997,0.999997
32,64,3,0.000000,0.999999,181.307526,0.000000,0.999997
64,128,7,0.000000,1.000000,715.727707,0.000001,0.999998
128,256,7,0.000000,1.000000,1090.461871,0.000002,1.000000

