#Generated by fsstats v1.4.5 (03/22/2008)
#Comment: This is a comment line that can be modified or repeated before
#uploading to record voluntarily added information.

skipped special files,0
skipped duplicate hardlinks,0
skipped snapshot dirs,0
total capacity used,69.17 GB
total user data,58.17 GB
percent overhead,0.159061

histogram,file size
count,10504,items
average,5806.395074,KB
min,0,KB
max,45598,KB
bucket min,bucket max,count,percent,cumulative pct,val count,percent,cumulative pct
0,2,1665,0.158511,0.158511,461.396484,0.000008,0.000008
2,4,2,0.000190,0.158701,4.806641,0.000000,0.000008
4,8,801,0.076257,0.234958,3874.216797,0.000064,0.000071
8,16,9,0.000857,0.235815,86.244141,0.000001,0.000073
64,128,2,0.000190,0.236005,197.849609,0.000003,0.000076
1024,2048,1602,0.152513,0.388519,2645252.107422,0.043372,0.043447
2048,4096,1601,0.152418,0.540937,4966662.030273,0.081434,0.124881
4096,8192,1600,0.152323,0.693260,7413262.840820,0.121548,0.246429
8192,16384,3221,0.306645,0.999905,45914973.579102,0.752823,0.999252
32768,65536,1,0.000095,1.000000,45598.786133,0.000748,1.000000

histogram,capacity used
count,10504,items
average,6904.492384,KB
min,1,KB
max,53305,KB
bucket min,bucket max,count,percent,cumulative pct,val count,percent,cumulative pct
0,2,19,0.001809,0.001809,28.500000,0.000000,0.000000
16,32,2449,0.233149,0.234958,62449.500000,0.000861,0.000861
32,64,9,0.000857,0.235815,445.500000,0.000006,0.000868
128,256,1,0.000095,0.235910,241.500000,0.000003,0.000871
256,512,1,0.000095,0.236005,385.500000,0.000005,0.000876
1024,2048,797,0.075876,0.311881,1492611.500000,0.020581,0.021457
2048,4096,2406,0.229056,0.540937,7941377.000000,0.109499,0.130956
4096,8192,1600,0.152323,0.693260,8945072.000000,0.123338,0.254294
8192,16384,821,0.078161,0.771420,12692911.500000,0.175015,0.429309
16384,32768,2400,0.228484,0.999905,41335960.000000,0.569956,0.999265
32768,65536,1,0.000095,1.000000,53305.500000,0.000735,1.000000

histogram,positive overhead
count,10524,items
average,1096.185260,KB
min,1,KB
max,7706,KB
bucket min,bucket max,count,percent,cumulative pct,val count,percent,cumulative pct
0,2,1675,0.159160,0.159160,41672.108398,0.003612,0.003612
2,4,2,0.000190,0.159350,46.193359,0.000004,0.003616
4,8,801,0.076112,0.235462,16551.283203,0.001435,0.005051
8,16,9,0.000855,0.236317,359.255859,0.000031,0.005082
16,32,1,0.000095,0.236412,164.000000,0.000014,0.005096
32,64,9,0.000855,0.237267,1543.532227,0.000134,0.005230
64,128,2,0.000190,0.237457,429.150391,0.000037,0.005267
1024,2048,1602,0.152223,0.389681,704550.892578,0.061073,0.066340
2048,4096,1601,0.152128,0.541809,1117523.469727,0.096871,0.163211
4096,8192,1600,0.152033,0.693843,1531809.159180,0.132782,0.295993
8192,16384,3221,0.306062,0.999905,8113897.920898,0.703339,0.999332
32768,65536,1,0.000095,1.000000,7706.713867,0.000668,1.000000

histogram,negative overhead
count,0,items
average,0.000000,KB
min,0,KB
max,0,KB
bucket min,bucket max,count,percent,cumulative pct,val count,percent,cumulative pct

histogram,directory size (entries)
count,19,items
average,553.842105,ents
min,0,ents
max,1618,ents
bucket min,bucket max,count,percent,cumulative pct,val count,percent,cumulative pct
0,1,3,0.157895,0.157895,2.000000,0.000190,0.000190
2,3,1,0.052632,0.210526,3.000000,0.000285,0.000475
8,15,3,0.157895,0.368421,31.000000,0.002946,0.003421
16,31,2,0.105263,0.473684,51.000000,0.004847,0.008268
512,1023,9,0.473684,0.947368,8818.000000,0.837974,0.846242
1024,2047,1,0.052632,1.000000,1618.000000,0.153758,1.000000

histogram,directory size
count,19,items
average,19.705181,KB
min,0,KB
max,53,KB
bucket min,bucket max,count,percent,cumulative pct,val count,percent,cumulative pct
0,2,9,0.473684,0.473684,2.930664,0.007828,0.007828
16,32,1,0.052632,0.526316,29.500000,0.078793,0.086621
32,64,9,0.473684,1.000000,341.967773,0.913379,1.000000

histogram,filename length
count,10524,items
average,18.437096,chars
min,4,chars
max,62,chars
bucket min,bucket max,count,percent,cumulative pct,val count,percent,cumulative pct
0,7,16,0.001520,0.001520,77.000000,0.000397,0.000397
8,15,43,0.004086,0.005606,558.000000,0.002876,0.003273
16,23,10452,0.993158,0.998765,192899.000000,0.994161,0.997433
24,31,5,0.000475,0.999240,133.000000,0.000685,0.998119
32,39,3,0.000285,0.999525,113.000000,0.000582,0.998701
40,47,2,0.000190,0.999715,94.000000,0.000484,0.999186
48,55,2,0.000190,0.999905,96.000000,0.000495,0.999680
56,63,1,0.000095,1.000000,62.000000,0.000320,1.000000

histogram,link count
count,10504,items
average,1.000000,links
min,1,links
max,1,links
bucket min,bucket max,count,percent,cumulative pct,val count,percent,cumulative pct
0,1,10504,1.000000,1.000000,10504.000000,1.000000,1.000000

histogram,symlink target length
count,1,items
average,66.000000,chars
min,66,chars
max,66,chars
bucket min,bucket max,count,percent,cumulative pct,val count,percent,cumulative pct
64,71,1,1.000000,1.000000,66.000000,1.000000,1.000000

relative symlink target pct,0.000000
absolute symlink target pct,1.000000
histogram,mtime (files)
count,10504,items
average,35.870979,days
min,35,days
max,182,days
bucket min,bucket max,count,percent,cumulative pct,val count,percent,cumulative pct
32,64,10483,0.998001,0.998001,374074.867917,0.992797,0.992797
64,128,5,0.000476,0.998477,605.330093,0.001607,0.994404
128,256,16,0.001523,1.000000,2108.569074,0.005596,1.000000

histogram,mtime (KB)
count,60990373,items
average,35.674699,days
min,35,days
max,182,days
bucket min,bucket max,count,percent,cumulative pct,val count,percent,cumulative pct
32,64,60990344,1.000000,1.000000,2175809472.091156,0.999998,0.999998
64,128,18,0.000000,1.000000,2266.470409,0.000001,0.999999
128,256,10,0.000000,1.000000,1470.746563,0.000001,1.000000

histogram,ctime (files)
count,10504,items
average,35.678288,days
min,35,days
max,36,days
bucket min,bucket max,count,percent,cumulative pct,val count,percent,cumulative pct
32,64,10504,1.000000,1.000000,374764.740683,1.000000,1.000000

histogram,ctime (KB)
count,60990373,items
average,35.671157,days
min,35,days
max,36,days
bucket min,bucket max,count,percent,cumulative pct,val count,percent,cumulative pct
32,64,60990373,1.000000,1.000000,2175597171.317230,1.000000,1.000000

histogram,atime (files)
count,10504,items
average,35.870979,days
min,35,days
max,182,days
bucket min,bucket max,count,percent,cumulative pct,val count,percent,cumulative pct
32,64,10483,0.998001,0.998001,374074.867917,0.992797,0.992797
64,128,5,0.000476,0.998477,605.330093,0.001607,0.994404
128,256,16,0.001523,1.000000,2108.569074,0.005596,1.000000

histogram,atime (KB)
count,60990373,items
average,35.674699,days
min,35,days
max,182,days
bucket min,bucket max,count,percent,cumulative pct,val count,percent,cumulative pct
32,64,60990344,1.000000,1.000000,2175809472.091156,0.999998,0.999998
64,128,18,0.000000,1.000000,2266.470409,0.000001,0.999999
128,256,10,0.000000,1.000000,1470.746563,0.000001,1.000000

