#Generated by fsstats v1.4.5 (03/22/2008)
#Comment: This is a comment line that can be modified or repeated before
#uploading to record voluntarily added information.

skipped special files,0
skipped duplicate hardlinks,0
skipped snapshot dirs,0
total capacity used,274.41 GB
total user data,233.12 GB
percent overhead,0.150486

histogram,file size
count,36139,items
average,6763.884238,KB
min,0,KB
max,84158,KB
bucket min,bucket max,count,percent,cumulative pct,val count,percent,cumulative pct
0,2,1667,0.046127,0.046127,198.363281,0.000001,0.000001
2,4,3,0.000083,0.046210,7.350586,0.000000,0.000001
4,8,801,0.022164,0.068375,3774.971680,0.000015,0.000016
8,16,20819,0.576081,0.644456,267407.363281,0.001094,0.001110
16,32,7,0.000194,0.644650,195.021484,0.000001,0.001111
64,128,195,0.005396,0.650046,19381.235352,0.000079,0.001190
128,256,605,0.016741,0.666787,115780.383789,0.000474,0.001664
512,1024,350,0.009685,0.676471,300808.999023,0.001231,0.002895
1024,2048,1468,0.040621,0.717092,2105768.406250,0.008615,0.011509
2048,4096,4264,0.117989,0.835081,11804211.482422,0.048291,0.059800
4096,8192,340,0.009408,0.844489,1688277.035156,0.006907,0.066707
8192,16384,2818,0.077977,0.922466,35643395.932617,0.145817,0.212523
16384,32768,5,0.000138,0.922604,130079.088867,0.000532,0.213055
32768,65536,983,0.027201,0.949805,58931296.036133,0.241087,0.454142
65536,131072,1814,0.050195,1.000000,133429430.792969,0.545858,1.000000

histogram,capacity used
count,36139,items
average,7961.899126,KB
min,1,KB
max,98337,KB
bucket min,bucket max,count,percent,cumulative pct,val count,percent,cumulative pct
0,2,10,0.000277,0.000277,15.000000,0.000000,0.000000
16,32,2461,0.068098,0.068375,62755.500000,0.000218,0.000218
32,64,20819,0.576081,0.644456,1030540.500000,0.003582,0.003800
64,128,7,0.000194,0.644650,682.500000,0.000002,0.003802
128,256,15,0.000415,0.645065,3574.500000,0.000012,0.003815
256,512,785,0.021722,0.666787,331121.500000,0.001151,0.004965
512,1024,48,0.001328,0.668115,47360.000000,0.000165,0.005130
1024,2048,1418,0.039237,0.707352,2169503.000000,0.007540,0.012670
2048,4096,4556,0.126069,0.833421,14716122.000000,0.051145,0.063815
4096,8192,400,0.011068,0.844489,2298168.000000,0.007987,0.071802
8192,16384,2154,0.059603,0.904093,30828415.000000,0.107142,0.178943
16384,32768,667,0.018457,0.922549,11302016.500000,0.039279,0.218223
32768,65536,191,0.005285,0.927834,12042278.500000,0.041852,0.260074
65536,131072,2608,0.072166,1.000000,212902520.000000,0.739926,1.000000

histogram,positive overhead
count,36159,items
average,1197.526128,KB
min,1,KB
max,14185,KB
bucket min,bucket max,count,percent,cumulative pct,val count,percent,cumulative pct
0,2,1677,0.046378,0.046378,42224.742188,0.000975,0.000975
2,4,3,0.000083,0.046461,69.149414,0.000002,0.000977
4,8,801,0.022152,0.068614,16650.528320,0.000385,0.001361
8,16,20819,0.575763,0.644376,763133.136719,0.017624,0.018985
16,32,7,0.000194,0.644570,487.478516,0.000011,0.018996
32,64,1,0.000028,0.644597,326.779297,0.000008,0.019004
64,128,196,0.005421,0.650018,41951.673828,0.000969,0.019973
128,256,613,0.016953,0.666971,163388.553711,0.003773,0.023746
512,1024,350,0.009679,0.676650,92356.000977,0.002133,0.025879
1024,2048,1468,0.040598,0.717249,501745.593750,0.011587,0.037466
2048,4096,4264,0.117924,0.835172,2410360.517578,0.055665,0.093131
4096,8192,340,0.009403,0.844575,327624.964844,0.007566,0.100697
8192,16384,2818,0.077934,0.922509,6400191.067383,0.147806,0.248503
16384,32768,5,0.000138,0.922647,22752.411133,0.000525,0.249028
32768,65536,983,0.027185,0.949833,9983858.463867,0.230567,0.479595
65536,131072,1814,0.050167,1.000000,22534226.207031,0.520405,1.000000

histogram,negative overhead
count,0,items
average,0.000000,KB
min,0,KB
max,0,KB
bucket min,bucket max,count,percent,cumulative pct,val count,percent,cumulative pct

histogram,directory size (entries)
count,19,items
average,1903.052632,ents
min,0,ents
max,3900,ents
bucket min,bucket max,count,percent,cumulative pct,val count,percent,cumulative pct
0,1,2,0.105263,0.105263,1.000000,0.000028,0.000028
2,3,1,0.052632,0.157895,3.000000,0.000083,0.000111
8,15,3,0.157895,0.315789,32.000000,0.000885,0.000996
16,31,3,0.157895,0.473684,76.000000,0.002102,0.003098
1024,2047,1,0.052632,0.526316,1627.000000,0.044997,0.048094
2048,4095,9,0.473684,1.000000,34419.000000,0.951906,1.000000

histogram,directory size
count,19,items
average,68.563374,KB
min,0,KB
max,140,KB
bucket min,bucket max,count,percent,cumulative pct,val count,percent,cumulative pct
0,2,9,0.473684,0.473684,4.330078,0.003324,0.003324
32,64,1,0.052632,0.526316,58.720703,0.045076,0.048400
64,128,1,0.052632,0.578947,113.090820,0.086812,0.135212
128,256,8,0.421053,1.000000,1126.562500,0.864788,1.000000

histogram,filename length
count,36159,items
average,18.893968,chars
min,4,chars
max,62,chars
bucket min,bucket max,count,percent,cumulative pct,val count,percent,cumulative pct
0,7,16,0.000442,0.000442,77.000000,0.000113,0.000113
8,15,45,0.001245,0.001687,583.000000,0.000853,0.000966
16,23,36061,0.997290,0.998977,681059.000000,0.996885,0.997851
24,31,4,0.000111,0.999087,108.000000,0.000158,0.998009
32,39,7,0.000194,0.999281,261.000000,0.000382,0.998391
40,47,22,0.000608,0.999889,890.000000,0.001303,0.999694
48,55,3,0.000083,0.999972,147.000000,0.000215,0.999909
56,63,1,0.000028,1.000000,62.000000,0.000091,1.000000

histogram,link count
count,36139,items
average,1.000000,links
min,1,links
max,1,links
bucket min,bucket max,count,percent,cumulative pct,val count,percent,cumulative pct
0,1,36139,1.000000,1.000000,36139.000000,1.000000,1.000000

histogram,symlink target length
count,1,items
average,66.000000,chars
min,66,chars
max,66,chars
bucket min,bucket max,count,percent,cumulative pct,val count,percent,cumulative pct
64,71,1,1.000000,1.000000,66.000000,1.000000,1.000000

relative symlink target pct,0.000000
absolute symlink target pct,1.000000
histogram,mtime (files)
count,36139,items
average,38.182845,days
min,37,days
max,182,days
bucket min,bucket max,count,percent,cumulative pct,val count,percent,cumulative pct
32,64,36118,0.999419,0.999419,1377459.671736,0.998239,0.998239
64,128,8,0.000221,0.999640,708.370266,0.000513,0.998752
128,256,13,0.000360,1.000000,1721.777593,0.001248,1.000000

histogram,mtime (KB)
count,244440012,items
average,37.617290,days
min,37,days
max,182,days
bucket min,bucket max,count,percent,cumulative pct,val count,percent,cumulative pct
32,64,244439996,1.000000,1.000000,9195168838.803125,1.000000,1.000000
64,128,8,0.000000,1.000000,856.740989,0.000000,1.000000
128,256,7,0.000000,1.000000,1089.580787,0.000000,1.000000

histogram,ctime (files)
count,36139,items
average,38.129715,days
min,37,days
max,38,days
bucket min,bucket max,count,percent,cumulative pct,val count,percent,cumulative pct
32,64,36139,1.000000,1.000000,1377969.776481,1.000000,1.000000

histogram,ctime (KB)
count,244440012,items
average,37.554032,days
min,37,days
max,38,days
bucket min,bucket max,count,percent,cumulative pct,val count,percent,cumulative pct
32,64,244440012,1.000000,1.000000,9179708138.616434,1.000000,1.000000

histogram,atime (files)
count,36139,items
average,38.182845,days
min,37,days
max,182,days
bucket min,bucket max,count,percent,cumulative pct,val count,percent,cumulative pct
32,64,36118,0.999419,0.999419,1377459.671736,0.998239,0.998239
64,128,8,0.000221,0.999640,708.370266,0.000513,0.998752
128,256,13,0.000360,1.000000,1721.777593,0.001248,1.000000

histogram,atime (KB)
count,244440012,items
average,37.617290,days
min,37,days
max,182,days
bucket min,bucket max,count,percent,cumulative pct,val count,percent,cumulative pct
32,64,244439996,1.000000,1.000000,9195168838.803125,1.000000,1.000000
64,128,8,0.000000,1.000000,856.740989,0.000000,1.000000
128,256,7,0.000000,1.000000,1089.580787,0.000000,1.000000

