#Generated by fsstats v1.4.5 (03/22/2008)
#Comment: This is a comment line that can be modified or repeated before
#uploading to record voluntarily added information.

skipped special files,0
skipped duplicate hardlinks,0
skipped snapshot dirs,0
total capacity used,133.22 GB
total user data,111.93 GB
percent overhead,0.159805

histogram,file size
count,27318,items
average,4296.352429,KB
min,0,KB
max,39125,KB
bucket min,bucket max,count,percent,cumulative pct,val count,percent,cumulative pct
0,2,861,0.031518,0.031518,108.581055,0.000001,0.000001
2,4,2,0.000073,0.031591,4.801758,0.000000,0.000001
4,8,1601,0.058606,0.090197,9195.554688,0.000078,0.000079
8,16,12010,0.439637,0.529834,155626.407227,0.001326,0.001405
64,128,2,0.000073,0.529907,190.028320,0.000002,0.001407
128,256,1,0.000037,0.529944,158.650391,0.000001,0.001408
256,512,93,0.003404,0.533348,44651.763672,0.000380,0.001789
512,1024,1633,0.059777,0.593125,1463873.913086,0.012473,0.014261
1024,2048,4686,0.171535,0.764661,7941914.849609,0.067667,0.081928
2048,4096,5,0.000183,0.764844,11893.326172,0.000101,0.082029
4096,8192,2001,0.073248,0.838092,14532765.291016,0.123822,0.205852
8192,16384,1506,0.055128,0.893221,14517637.890625,0.123694,0.329546
16384,32768,2916,0.106743,0.999963,78650608.783203,0.670121,0.999667
32768,65536,1,0.000037,1.000000,39125.809570,0.000333,1.000000

histogram,capacity used
count,27318,items
average,5113.336591,KB
min,1,KB
max,45809,KB
bucket min,bucket max,count,percent,cumulative pct,val count,percent,cumulative pct
0,2,10,0.000366,0.000366,15.000000,0.000000,0.000000
16,32,2454,0.089831,0.090197,62577.000000,0.000448,0.000448
32,64,12010,0.439637,0.529834,594495.000000,0.004256,0.004704
128,256,1,0.000037,0.529870,217.500000,0.000002,0.004706
256,512,2,0.000073,0.529944,803.000000,0.000006,0.004711
512,1024,218,0.007980,0.537924,175351.000000,0.001255,0.005967
1024,2048,2002,0.073285,0.611209,2448827.000000,0.017531,0.023498
2048,4096,4197,0.153635,0.764844,9689247.500000,0.069364,0.092862
4096,8192,401,0.014679,0.779523,2206049.500000,0.015793,0.108655
8192,16384,2871,0.105096,0.884618,28110274.500000,0.201239,0.309894
16384,32768,1947,0.071272,0.955890,54817008.500000,0.392430,0.702324
32768,65536,1205,0.044110,1.000000,41581263.500000,0.297676,1.000000

histogram,positive overhead
count,27338,items
average,816.572811,KB
min,1,KB
max,6683,KB
bucket min,bucket max,count,percent,cumulative pct,val count,percent,cumulative pct
0,2,871,0.031860,0.031860,21762.179688,0.000975,0.000975
2,4,2,0.000073,0.031934,46.198242,0.000002,0.000977
4,8,1601,0.058563,0.090497,31629.945312,0.001417,0.002394
8,16,12010,0.439315,0.529812,438868.592773,0.019660,0.022053
16,32,1,0.000037,0.529849,164.000000,0.000007,0.022061
64,128,11,0.000402,0.530251,5187.880859,0.000232,0.022293
128,256,1,0.000037,0.530288,258.849609,0.000012,0.022305
256,512,93,0.003402,0.533689,24263.736328,0.001087,0.023392
512,1024,1633,0.059734,0.593423,431959.586914,0.019350,0.042742
1024,2048,4686,0.171410,0.764833,2392050.150391,0.107154,0.149896
2048,4096,5,0.000183,0.765016,2818.173828,0.000126,0.150022
4096,8192,2001,0.073195,0.838211,2781572.208984,0.124603,0.274625
8192,16384,1506,0.055088,0.893299,2653813.109375,0.118880,0.393505
16384,32768,2916,0.106665,0.999963,13532389.216797,0.606196,0.999701
32768,65536,1,0.000037,1.000000,6683.690430,0.000299,1.000000

histogram,negative overhead
count,0,items
average,0.000000,KB
min,0,KB
max,0,KB
bucket min,bucket max,count,percent,cumulative pct,val count,percent,cumulative pct

histogram,directory size (entries)
count,19,items
average,1438.789474,ents
min,0,ents
max,3219,ents
bucket min,bucket max,count,percent,cumulative pct,val count,percent,cumulative pct
0,1,2,0.105263,0.105263,1.000000,0.000037,0.000037
2,3,1,0.052632,0.157895,3.000000,0.000110,0.000146
8,15,4,0.210526,0.368421,46.000000,0.001683,0.001829
16,31,2,0.105263,0.473684,50.000000,0.001829,0.003658
512,1023,1,0.052632,0.526316,818.000000,0.029923,0.033581
2048,4095,9,0.473684,1.000000,26419.000000,0.966419,1.000000

histogram,directory size
count,19,items
average,51.777138,KB
min,0,KB
max,113,KB
bucket min,bucket max,count,percent,cumulative pct,val count,percent,cumulative pct
0,2,9,0.473684,0.473684,3.674805,0.003735,0.003735
16,32,1,0.052632,0.526316,29.500000,0.029987,0.033722
64,128,9,0.473684,1.000000,950.590820,0.966278,1.000000

histogram,filename length
count,27338,items
average,18.851855,chars
min,4,chars
max,62,chars
bucket min,bucket max,count,percent,cumulative pct,val count,percent,cumulative pct
0,7,16,0.000585,0.000585,77.000000,0.000149,0.000149
8,15,44,0.001609,0.002195,570.000000,0.001106,0.001255
16,23,27252,0.996854,0.999049,513699.000000,0.996754,0.998009
24,31,4,0.000146,0.999195,108.000000,0.000210,0.998219
32,39,5,0.000183,0.999378,186.000000,0.000361,0.998580
40,47,13,0.000476,0.999854,526.000000,0.001021,0.999600
48,55,3,0.000110,0.999963,144.000000,0.000279,0.999880
56,63,1,0.000037,1.000000,62.000000,0.000120,1.000000

histogram,link count
count,27318,items
average,1.000000,links
min,1,links
max,1,links
bucket min,bucket max,count,percent,cumulative pct,val count,percent,cumulative pct
0,1,27318,1.000000,1.000000,27318.000000,1.000000,1.000000

histogram,symlink target length
count,1,items
average,66.000000,chars
min,66,chars
max,66,chars
bucket min,bucket max,count,percent,cumulative pct,val count,percent,cumulative pct
64,71,1,1.000000,1.000000,66.000000,1.000000,1.000000

relative symlink target pct,0.000000
absolute symlink target pct,1.000000
histogram,mtime (files)
count,27318,items
average,38.557678,days
min,37,days
max,182,days
bucket min,bucket max,count,percent,cumulative pct,val count,percent,cumulative pct
32,64,27302,0.999414,0.999414,1051234.291840,0.998021,0.998021
64,128,3,0.000110,0.999524,361.727917,0.000343,0.998365
128,256,13,0.000476,1.000000,1722.614769,0.001635,1.000000

histogram,mtime (KB)
count,117367755,items
average,38.304862,days
min,37,days
max,182,days
bucket min,bucket max,count,percent,cumulative pct,val count,percent,cumulative pct
32,64,117367742,1.000000,1.000000,4495753959.692283,1.000000,1.000000
64,128,5,0.000000,1.000000,628.141741,0.000000,1.000000
128,256,7,0.000000,1.000000,1090.084212,0.000000,1.000000

histogram,ctime (files)
count,27318,items
average,38.494939,days
min,37,days
max,39,days
bucket min,bucket max,count,percent,cumulative pct,val count,percent,cumulative pct
32,64,27318,1.000000,1.000000,1051604.747280,1.000000,1.000000

histogram,ctime (KB)
count,117367755,items
average,38.284335,days
min,37,days
max,39,days
bucket min,bucket max,count,percent,cumulative pct,val count,percent,cumulative pct
32,64,117367755,1.000000,1.000000,4493346484.571276,1.000000,1.000000

histogram,atime (files)
count,27318,items
average,38.557678,days
min,37,days
max,182,days
bucket min,bucket max,count,percent,cumulative pct,val count,percent,cumulative pct
32,64,27302,0.999414,0.999414,1051234.291840,0.998021,0.998021
64,128,3,0.000110,0.999524,361.727917,0.000343,0.998365
128,256,13,0.000476,1.000000,1722.614769,0.001635,1.000000

histogram,atime (KB)
count,117367755,items
average,38.304862,days
min,37,days
max,182,days
bucket min,bucket max,count,percent,cumulative pct,val count,percent,cumulative pct
32,64,117367742,1.000000,1.000000,4495753959.692283,1.000000,1.000000
64,128,5,0.000000,1.000000,628.141741,0.000000,1.000000
128,256,7,0.000000,1.000000,1090.084212,0.000000,1.000000

