#Generated by fsstats v1.4.5 (03/22/2008)
#Comment: This is a comment line that can be modified or repeated before
#uploading to record voluntarily added information.

skipped special files,0
skipped duplicate hardlinks,0
skipped snapshot dirs,0
total capacity used,139.77 GB
total user data,117.80 GB
percent overhead,0.157201

histogram,file size
count,27288,items
average,4526.444776,KB
min,0,KB
max,38956,KB
bucket min,bucket max,count,percent,cumulative pct,val count,percent,cumulative pct
0,2,1651,0.060503,0.060503,185.867188,0.000002,0.000002
2,4,3,0.000110,0.060613,7.032227,0.000000,0.000002
4,8,1601,0.058670,0.119283,9194.430664,0.000074,0.000076
8,16,11606,0.425315,0.544598,150100.015625,0.001215,0.001291
64,128,3,0.000110,0.544708,258.458984,0.000002,0.001293
128,256,1,0.000037,0.544745,158.650391,0.000001,0.001295
256,512,2,0.000073,0.544818,698.392578,0.000006,0.001300
512,1024,716,0.026239,0.571057,676832.537109,0.005480,0.006780
1024,2048,4786,0.175388,0.746445,8515396.970703,0.068941,0.075721
2048,4096,915,0.033531,0.779977,1918730.454102,0.015534,0.091255
4096,8192,21,0.000770,0.780746,161811.023438,0.001310,0.092565
8192,16384,3202,0.117341,0.898087,28970959.348633,0.234549,0.327114
16384,32768,2622,0.096086,0.994173,77787986.766602,0.629772,0.956886
32768,65536,159,0.005827,1.000000,5325305.106445,0.043114,1.000000

histogram,capacity used
count,27288,items
average,5370.548373,KB
min,1,KB
max,45641,KB
bucket min,bucket max,count,percent,cumulative pct,val count,percent,cumulative pct
0,2,3,0.000110,0.000110,4.500000,0.000000,0.000000
16,32,3252,0.119173,0.119283,82926.000000,0.000566,0.000566
32,64,11606,0.425315,0.544598,574497.000000,0.003920,0.004486
128,256,2,0.000073,0.544672,435.000000,0.000003,0.004489
256,512,2,0.000073,0.544745,803.000000,0.000005,0.004494
512,1024,16,0.000586,0.545331,13624.000000,0.000093,0.004587
1024,2048,1606,0.058854,0.604185,2096969.000000,0.014309,0.018896
2048,4096,4796,0.175755,0.779940,12017898.000000,0.082005,0.100901
4096,8192,2,0.000073,0.780013,10187.000000,0.000070,0.100970
8192,16384,3222,0.118074,0.898087,34376961.000000,0.234573,0.335543
16384,32768,400,0.014658,0.912746,12608616.000000,0.086035,0.421578
32768,65536,2381,0.087254,1.000000,84768603.500000,0.578422,1.000000

histogram,positive overhead
count,27308,items
average,843.673691,KB
min,1,KB
max,6685,KB
bucket min,bucket max,count,percent,cumulative pct,val count,percent,cumulative pct
0,2,1661,0.060825,0.060825,41998.147461,0.001823,0.001823
2,4,3,0.000110,0.060935,69.467773,0.000003,0.001826
4,8,1601,0.058628,0.119562,31631.069336,0.001373,0.003199
8,16,11606,0.425004,0.544566,424396.984375,0.018421,0.021620
32,64,1,0.000037,0.544602,326.779297,0.000014,0.021634
64,128,12,0.000439,0.545042,5221.944336,0.000227,0.021860
128,256,1,0.000037,0.545078,258.849609,0.000011,0.021872
256,512,2,0.000073,0.545152,520.607422,0.000023,0.021894
512,1024,716,0.026219,0.571371,187273.462891,0.008129,0.030023
1024,2048,4786,0.175260,0.746631,2337686.029297,0.101466,0.131489
2048,4096,915,0.033507,0.780138,495650.045898,0.021513,0.153003
4096,8192,21,0.000769,0.780907,31276.476562,0.001358,0.154360
8192,16384,3202,0.117255,0.898162,5218803.651367,0.226520,0.380880
16384,32768,2622,0.096016,0.994178,13353722.233398,0.579613,0.960493
32768,65536,159,0.005822,1.000000,910205.393555,0.039507,1.000000

histogram,negative overhead
count,0,items
average,0.000000,KB
min,0,KB
max,0,KB
bucket min,bucket max,count,percent,cumulative pct,val count,percent,cumulative pct

histogram,directory size (entries)
count,19,items
average,1437.210526,ents
min,0,ents
max,2900,ents
bucket min,bucket max,count,percent,cumulative pct,val count,percent,cumulative pct
0,1,2,0.105263,0.105263,1.000000,0.000037,0.000037
2,3,1,0.052632,0.157895,3.000000,0.000110,0.000146
8,15,4,0.210526,0.368421,42.000000,0.001538,0.001685
16,31,2,0.105263,0.473684,50.000000,0.001831,0.003516
1024,2047,1,0.052632,0.526316,1627.000000,0.059582,0.063097
2048,4095,9,0.473684,1.000000,25584.000000,0.936903,1.000000

histogram,directory size
count,19,items
average,51.779502,KB
min,0,KB
max,104,KB
bucket min,bucket max,count,percent,cumulative pct,val count,percent,cumulative pct
0,2,9,0.473684,0.473684,3.420898,0.003477,0.003477
32,64,1,0.052632,0.526316,58.720703,0.059687,0.063164
64,128,9,0.473684,1.000000,921.668945,0.936836,1.000000

histogram,filename length
count,27308,items
average,18.894024,chars
min,4,chars
max,62,chars
bucket min,bucket max,count,percent,cumulative pct,val count,percent,cumulative pct
0,7,16,0.000586,0.000586,77.000000,0.000149,0.000149
8,15,44,0.001611,0.002197,571.000000,0.001107,0.001256
16,23,27227,0.997034,0.999231,514485.000000,0.997145,0.998401
24,31,4,0.000146,0.999377,108.000000,0.000209,0.998610
32,39,5,0.000183,0.999561,183.000000,0.000355,0.998965
40,47,8,0.000293,0.999854,325.000000,0.000630,0.999595
48,55,3,0.000110,0.999963,147.000000,0.000285,0.999880
56,63,1,0.000037,1.000000,62.000000,0.000120,1.000000

histogram,link count
count,27288,items
average,1.000000,links
min,1,links
max,1,links
bucket min,bucket max,count,percent,cumulative pct,val count,percent,cumulative pct
0,1,27288,1.000000,1.000000,27288.000000,1.000000,1.000000

histogram,symlink target length
count,1,items
average,66.000000,chars
min,66,chars
max,66,chars
bucket min,bucket max,count,percent,cumulative pct,val count,percent,cumulative pct
64,71,1,1.000000,1.000000,66.000000,1.000000,1.000000

relative symlink target pct,0.000000
absolute symlink target pct,1.000000
histogram,mtime (files)
count,27288,items
average,0.573302,days
min,0,days
max,182,days
bucket min,bucket max,count,percent,cumulative pct,val count,percent,cumulative pct
0,2,27265,0.999157,0.999157,13238.569572,0.846226,0.846226
16,32,1,0.000037,0.999194,17.339757,0.001108,0.847334
32,64,7,0.000257,0.999450,425.571516,0.027203,0.874537
64,128,2,0.000073,0.999524,239.789051,0.015328,0.889865
128,256,13,0.000476,1.000000,1722.982951,0.110135,1.000000

histogram,mtime (KB)
count,123517625,items
average,0.323500,days
min,0,days
max,182,days
bucket min,bucket max,count,percent,cumulative pct,val count,percent,cumulative pct
0,2,123517606,1.000000,1.000000,39955937.136560,0.999951,0.999951
16,32,0,0.000000,1.000000,2.726270,0.000000,0.999951
32,64,6,0.000000,1.000000,418.004078,0.000010,0.999961
64,128,3,0.000000,1.000000,456.335958,0.000011,0.999973
128,256,7,0.000000,1.000000,1090.305614,0.000027,1.000000

histogram,ctime (files)
count,27288,items
average,0.480932,days
min,0,days
max,1,days
bucket min,bucket max,count,percent,cumulative pct,val count,percent,cumulative pct
0,2,27288,1.000000,1.000000,13123.664051,1.000000,1.000000

histogram,ctime (KB)
count,123517625,items
average,0.292207,days
min,0,days
max,1,days
bucket min,bucket max,count,percent,cumulative pct,val count,percent,cumulative pct
0,2,123517625,1.000000,1.000000,36092755.841971,1.000000,1.000000

histogram,atime (files)
count,27288,items
average,0.573302,days
min,0,days
max,182,days
bucket min,bucket max,count,percent,cumulative pct,val count,percent,cumulative pct
0,2,27265,0.999157,0.999157,13238.569572,0.846226,0.846226
16,32,1,0.000037,0.999194,17.339757,0.001108,0.847334
32,64,7,0.000257,0.999450,425.571516,0.027203,0.874537
64,128,2,0.000073,0.999524,239.789051,0.015328,0.889865
128,256,13,0.000476,1.000000,1722.982951,0.110135,1.000000

histogram,atime (KB)
count,123517625,items
average,0.323500,days
min,0,days
max,182,days
bucket min,bucket max,count,percent,cumulative pct,val count,percent,cumulative pct
0,2,123517606,1.000000,1.000000,39955937.136560,0.999951,0.999951
16,32,0,0.000000,1.000000,2.726270,0.000000,0.999951
32,64,6,0.000000,1.000000,418.004078,0.000010,0.999961
64,128,3,0.000000,1.000000,456.335958,0.000011,0.999973
128,256,7,0.000000,1.000000,1090.305614,0.000027,1.000000

