#Generated by fsstats v1.4.5 (03/22/2008)
#Comment: This is a comment line that can be modified or repeated before
#uploading to record voluntarily added information.

skipped special files,0
skipped duplicate hardlinks,0
skipped snapshot dirs,0
total capacity used,12.61 GB
total user data,10.62 GB
percent overhead,0.158088

histogram,file size
count,1740,items
average,6398.812349,KB
min,0,KB
max,15117,KB
bucket min,bucket max,count,percent,cumulative pct,val count,percent,cumulative pct
0,2,47,0.027011,0.027011,15.977539,0.000001,0.000001
2,4,2,0.001149,0.028161,4.812500,0.000000,0.000002
4,8,184,0.105747,0.133908,824.418945,0.000074,0.000076
8,16,1,0.000575,0.134483,9.958008,0.000001,0.000077
64,128,1,0.000575,0.135057,68.847656,0.000006,0.000083
128,256,1,0.000575,0.135632,187.895508,0.000017,0.000100
512,1024,7,0.004023,0.139655,6477.429688,0.000582,0.000682
1024,2048,198,0.113793,0.253448,346346.196289,0.031107,0.031789
2048,4096,404,0.232184,0.485632,1196975.631836,0.107507,0.139296
4096,8192,158,0.090805,0.576437,731364.273438,0.065688,0.204984
8192,16384,737,0.423563,1.000000,8851658.045898,0.795016,1.000000

histogram,capacity used
count,1740,items
average,7600.116092,KB
min,1,KB
max,17705,KB
bucket min,bucket max,count,percent,cumulative pct,val count,percent,cumulative pct
0,2,15,0.008621,0.008621,22.500000,0.000002,0.000002
16,32,218,0.125287,0.133908,5559.000000,0.000420,0.000422
32,64,1,0.000575,0.134483,49.500000,0.000004,0.000426
128,256,1,0.000575,0.135057,217.500000,0.000016,0.000442
256,512,1,0.000575,0.135632,449.500000,0.000034,0.000476
1024,2048,60,0.034483,0.170115,102130.000000,0.007723,0.008199
2048,4096,415,0.238506,0.408621,1199670.500000,0.090718,0.098917
4096,8192,292,0.167816,0.576437,1480150.000000,0.111927,0.210844
8192,16384,633,0.363793,0.940230,8664661.500000,0.655212,0.866057
16384,32768,104,0.059770,1.000000,1771292.000000,0.133943,1.000000

histogram,positive overhead
count,1758,items
average,1189.228621,KB
min,1,KB
max,2593,KB
bucket min,bucket max,count,percent,cumulative pct,val count,percent,cumulative pct
0,2,57,0.032423,0.032423,907.066406,0.000434,0.000434
2,4,2,0.001138,0.033561,46.187500,0.000022,0.000456
4,8,192,0.109215,0.142776,4178.440430,0.001999,0.002455
8,16,1,0.000569,0.143345,39.541992,0.000019,0.002473
64,128,1,0.000569,0.143914,148.652344,0.000071,0.002545
128,256,1,0.000569,0.144482,261.604492,0.000125,0.002670
512,1024,7,0.003982,0.148464,1829.070312,0.000875,0.003545
1024,2048,198,0.112628,0.261092,94862.803711,0.045374,0.048919
2048,4096,404,0.229807,0.490899,266614.368164,0.127526,0.176445
4096,8192,158,0.089875,0.580774,137480.726562,0.065759,0.242205
8192,16384,737,0.419226,1.000000,1584295.454102,0.757795,1.000000

histogram,negative overhead
count,0,items
average,0.000000,KB
min,0,KB
max,0,KB
bucket min,bucket max,count,percent,cumulative pct,val count,percent,cumulative pct

histogram,directory size (entries)
count,17,items
average,103.352941,ents
min,0,ents
max,216,ents
bucket min,bucket max,count,percent,cumulative pct,val count,percent,cumulative pct
0,1,4,0.235294,0.235294,2.000000,0.001138,0.001138
4,7,1,0.058824,0.294118,4.000000,0.002277,0.003415
8,15,2,0.117647,0.411765,21.000000,0.011952,0.015367
16,31,2,0.117647,0.529412,48.000000,0.027319,0.042686
128,255,8,0.470588,1.000000,1682.000000,0.957314,1.000000

histogram,directory size
count,17,items
average,3.737190,KB
min,0,KB
max,7,KB
bucket min,bucket max,count,percent,cumulative pct,val count,percent,cumulative pct
0,2,9,0.529412,0.529412,2.391602,0.037644,0.037644
4,8,8,0.470588,1.000000,61.140625,0.962356,1.000000

histogram,filename length
count,1758,items
average,19.051763,chars
min,4,chars
max,62,chars
bucket min,bucket max,count,percent,cumulative pct,val count,percent,cumulative pct
0,7,13,0.007395,0.007395,56.000000,0.001672,0.001672
8,15,24,0.013652,0.021047,294.000000,0.008778,0.010450
16,23,1715,0.975540,0.996587,32906.000000,0.982474,0.992924
24,31,2,0.001138,0.997725,57.000000,0.001702,0.994626
32,39,2,0.001138,0.998862,69.000000,0.002060,0.996686
48,55,1,0.000569,0.999431,49.000000,0.001463,0.998149
56,63,1,0.000569,1.000000,62.000000,0.001851,1.000000

histogram,link count
count,1740,items
average,1.000000,links
min,1,links
max,1,links
bucket min,bucket max,count,percent,cumulative pct,val count,percent,cumulative pct
0,1,1740,1.000000,1.000000,1740.000000,1.000000,1.000000

histogram,symlink target length
count,1,items
average,66.000000,chars
min,66,chars
max,66,chars
bucket min,bucket max,count,percent,cumulative pct,val count,percent,cumulative pct
64,71,1,1.000000,1.000000,66.000000,1.000000,1.000000

relative symlink target pct,0.000000
absolute symlink target pct,1.000000
histogram,mtime (files)
count,1740,items
average,16.031834,days
min,14,days
max,182,days
bucket min,bucket max,count,percent,cumulative pct,val count,percent,cumulative pct
8,16,1718,0.987356,0.987356,25705.894248,0.921510,0.921510
16,32,4,0.002299,0.989655,119.373843,0.004279,0.925790
32,64,3,0.001724,0.991379,109.575312,0.003928,0.929718
64,128,2,0.001149,0.992529,239.492454,0.008585,0.938303
128,256,13,0.007471,1.000000,1721.055069,0.061697,1.000000

histogram,mtime (KB)
count,11133933,items
average,14.963189,days
min,14,days
max,182,days
bucket min,bucket max,count,percent,cumulative pct,val count,percent,cumulative pct
8,16,11133917,0.999999,0.999999,166597457.931816,0.999990,0.999990
16,32,2,0.000000,0.999999,81.900278,0.000000,0.999990
32,64,1,0.000000,0.999999,61.500723,0.000000,0.999991
64,128,3,0.000000,0.999999,455.771438,0.000003,0.999993
128,256,7,0.000001,1.000000,1089.146307,0.000007,1.000000

histogram,ctime (files)
count,1740,items
average,14.864314,days
min,14,days
max,14,days
bucket min,bucket max,count,percent,cumulative pct,val count,percent,cumulative pct
8,16,1740,1.000000,1.000000,25863.905544,1.000000,1.000000

histogram,ctime (KB)
count,11133933,items
average,14.863656,days
min,14,days
max,14,days
bucket min,bucket max,count,percent,cumulative pct,val count,percent,cumulative pct
8,16,11133933,1.000000,1.000000,165490961.897649,1.000000,1.000000

histogram,atime (files)
count,1740,items
average,16.031834,days
min,14,days
max,182,days
bucket min,bucket max,count,percent,cumulative pct,val count,percent,cumulative pct
8,16,1718,0.987356,0.987356,25705.894248,0.921510,0.921510
16,32,4,0.002299,0.989655,119.373843,0.004279,0.925790
32,64,3,0.001724,0.991379,109.575312,0.003928,0.929718
64,128,2,0.001149,0.992529,239.492454,0.008585,0.938303
128,256,13,0.007471,1.000000,1721.055069,0.061697,1.000000

histogram,atime (KB)
count,11133933,items
average,14.963189,days
min,14,days
max,182,days
bucket min,bucket max,count,percent,cumulative pct,val count,percent,cumulative pct
8,16,11133917,0.999999,0.999999,166597457.931816,0.999990,0.999990
16,32,2,0.000000,0.999999,81.900278,0.000000,0.999990
32,64,1,0.000000,0.999999,61.500723,0.000000,0.999991
64,128,3,0.000000,0.999999,455.771438,0.000003,0.999993
128,256,7,0.000001,1.000000,1089.146307,0.000007,1.000000

