#Generated by fsstats v1.4.5 (03/22/2008)
#Comment: This is a comment line that can be modified or repeated before
#uploading to record voluntarily added information.

skipped special files,0
skipped duplicate hardlinks,0
skipped snapshot dirs,0
total capacity used,1.23 TB
total user data,1.05 TB
percent overhead,0.147692

histogram,file size
count,124767,items
average,9047.613923,KB
min,0,KB
max,10481845,KB
bucket min,bucket max,count,percent,cumulative pct,val count,percent,cumulative pct
0,2,7786,0.062404,0.062404,3209.005859,0.000003,0.000003
2,4,843,0.006757,0.069161,2287.383789,0.000002,0.000005
4,8,1670,0.013385,0.082546,9508.906250,0.000008,0.000013
8,16,85424,0.684668,0.767214,1106016.185547,0.000980,0.000993
16,32,2792,0.022378,0.789592,52943.809570,0.000047,0.001040
32,64,2794,0.022394,0.811986,107564.601562,0.000095,0.001135
64,128,392,0.003142,0.815127,35158.442383,0.000031,0.001166
128,256,711,0.005699,0.820826,130103.733398,0.000115,0.001282
256,512,441,0.003535,0.824361,194052.748047,0.000172,0.001454
512,1024,1385,0.011101,0.835461,1145103.770508,0.001014,0.002468
1024,2048,2627,0.021055,0.856517,4121870.137695,0.003651,0.006119
2048,4096,3887,0.031154,0.887671,11639633.403320,0.010311,0.016430
4096,8192,2829,0.022674,0.910345,14406293.670898,0.012762,0.029192
8192,16384,3755,0.030096,0.940441,50330708.797852,0.044586,0.073779
16384,32768,1776,0.014235,0.954676,34987043.790039,0.030994,0.104772
32768,65536,886,0.007101,0.961777,37120403.526367,0.032884,0.137656
65536,131072,2142,0.017168,0.978945,207273634.879883,0.183616,0.321272
131072,262144,1961,0.015717,0.994662,383035679.355469,0.339317,0.660589
262144,524288,529,0.004240,0.998902,162893840.615234,0.144302,0.804890
524288,1048576,79,0.000633,0.999535,62241037.232422,0.055137,0.860027
1048576,2097152,40,0.000321,0.999856,55766845.318359,0.049402,0.909429
2097152,4194304,10,0.000080,0.999936,27337234.708984,0.024217,0.933646
4194304,8388608,2,0.000016,0.999952,16690893.023438,0.014786,0.948432
8388608,16777216,6,0.000048,1.000000,58212579.304688,0.051568,1.000000

histogram,capacity used
count,124767,items
average,10615.270244,KB
min,1,KB
max,12233921,KB
bucket min,bucket max,count,percent,cumulative pct,val count,percent,cumulative pct
0,2,465,0.003727,0.003727,697.500000,0.000001,0.000001
16,32,9834,0.078819,0.082546,250767.000000,0.000189,0.000190
32,64,85424,0.684668,0.767214,4228488.000000,0.003193,0.003383
64,128,4729,0.037903,0.805117,444925.500000,0.000336,0.003718
128,256,1032,0.008271,0.813388,170748.000000,0.000129,0.003847
256,512,911,0.007302,0.820690,378278.500000,0.000286,0.004133
512,1024,962,0.007710,0.828400,737507.000000,0.000557,0.004690
1024,2048,2108,0.016895,0.845296,2967114.000000,0.002240,0.006930
2048,4096,3780,0.030296,0.875592,10985878.000000,0.008295,0.015225
4096,8192,4060,0.032541,0.908133,21289074.000000,0.016074,0.031299
8192,16384,2086,0.016719,0.924852,26618921.000000,0.020098,0.051397
16384,32768,3706,0.029703,0.954555,75721055.000000,0.057172,0.108570
32768,65536,846,0.006781,0.961336,40007229.000000,0.030207,0.138777
65536,131072,1419,0.011373,0.972709,134847296.500000,0.101815,0.240592
131072,262144,2014,0.016142,0.988851,352368461.000000,0.266052,0.506643
262144,524288,1234,0.009890,0.998742,385099131.000000,0.290765,0.797408
524288,1048576,74,0.000593,0.999335,55226751.000000,0.041698,0.839106
1048576,2097152,57,0.000457,0.999792,75862461.500000,0.057279,0.896386
2097152,4194304,18,0.000144,0.999936,49813139.000000,0.037611,0.933996
8388608,16777216,8,0.000064,1.000000,87417500.000000,0.066004,1.000000

histogram,positive overhead
count,124814,items
average,1567.230057,KB
min,1,KB
max,1752076,KB
bucket min,bucket max,count,percent,cumulative pct,val count,percent,cumulative pct
0,2,7804,0.062525,0.062525,184387.112305,0.000943,0.000943
2,4,846,0.006778,0.069303,19277.873047,0.000099,0.001041
4,8,1670,0.013380,0.082683,33076.093750,0.000169,0.001210
8,16,85424,0.684410,0.767093,3122471.814453,0.015963,0.017173
16,32,2794,0.022385,0.789479,156962.000977,0.000802,0.017975
32,64,2798,0.022417,0.811896,260050.317383,0.001329,0.019305
64,128,395,0.003165,0.815061,76971.346680,0.000393,0.019698
128,256,720,0.005769,0.820829,192523.975586,0.000984,0.020682
256,512,449,0.003597,0.824427,125782.314453,0.000643,0.021325
512,1024,1385,0.011097,0.835523,362469.729492,0.001853,0.023178
1024,2048,2627,0.021047,0.856571,1089382.362305,0.005569,0.028747
2048,4096,3887,0.031142,0.887713,2612405.096680,0.013355,0.042102
4096,8192,2829,0.022666,0.910379,2779197.829102,0.014208,0.056310
8192,16384,3755,0.030085,0.940463,8951779.702148,0.045763,0.102073
16384,32768,1776,0.014229,0.954693,6103500.209961,0.031202,0.133275
32768,65536,886,0.007099,0.961791,6318309.473633,0.032300,0.165575
65536,131072,2142,0.017162,0.978953,34897418.120117,0.178401,0.343976
131072,262144,1961,0.015711,0.994664,64230062.144531,0.328354,0.672330
262144,524288,529,0.004238,0.998902,27285648.884766,0.139488,0.811819
524288,1048576,79,0.000633,0.999535,10408793.267578,0.053211,0.865030
1048576,2097152,40,0.000320,0.999856,9319998.681641,0.047645,0.912675
2097152,4194304,10,0.000080,0.999936,4567756.291016,0.023351,0.936026
4194304,8388608,2,0.000016,0.999952,2788813.976562,0.014257,0.950283
8388608,16777216,6,0.000048,1.000000,9725213.695312,0.049717,1.000000

histogram,negative overhead
count,0,items
average,0.000000,KB
min,0,KB
max,0,KB
bucket min,bucket max,count,percent,cumulative pct,val count,percent,cumulative pct

histogram,directory size (entries)
count,46,items
average,2713.326087,ents
min,0,ents
max,8300,ents
bucket min,bucket max,count,percent,cumulative pct,val count,percent,cumulative pct
0,1,6,0.130435,0.130435,4.000000,0.000032,0.000032
4,7,1,0.021739,0.152174,4.000000,0.000032,0.000064
8,15,4,0.086957,0.239130,38.000000,0.000304,0.000369
16,31,6,0.130435,0.369565,135.000000,0.001082,0.001450
32,63,3,0.065217,0.434783,149.000000,0.001194,0.002644
512,1023,2,0.043478,0.478261,1654.000000,0.013252,0.015896
1024,2047,4,0.086957,0.565217,6556.000000,0.052527,0.068422
2048,4095,3,0.065217,0.630435,8865.000000,0.071026,0.139449
4096,8191,9,0.195652,0.826087,41008.000000,0.328556,0.468004
8192,16383,8,0.173913,1.000000,66400.000000,0.531996,1.000000

histogram,directory size
count,46,items
average,97.440663,KB
min,0,KB
max,299,KB
bucket min,bucket max,count,percent,cumulative pct,val count,percent,cumulative pct
0,2,17,0.369565,0.369565,5.817383,0.001298,0.001298
2,4,3,0.065217,0.434783,7.743164,0.001728,0.003025
16,32,2,0.043478,0.478261,61.189453,0.013651,0.016677
32,64,4,0.086957,0.565217,230.081055,0.051331,0.068008
64,128,3,0.065217,0.630435,302.710938,0.067535,0.135543
128,256,9,0.195652,0.826087,1476.291016,0.329362,0.464906
256,512,8,0.173913,1.000000,2398.437500,0.535094,1.000000

histogram,filename length
count,124814,items
average,18.774120,chars
min,4,chars
max,62,chars
bucket min,bucket max,count,percent,cumulative pct,val count,percent,cumulative pct
0,7,37,0.000296,0.000296,193.000000,0.000082,0.000082
8,15,425,0.003405,0.003702,5450.000000,0.002326,0.002408
16,23,124169,0.994832,0.998534,2331336.000000,0.994906,0.997314
24,31,58,0.000465,0.998999,1475.000000,0.000629,0.997943
32,39,63,0.000505,0.999503,2245.000000,0.000958,0.998902
40,47,58,0.000465,0.999968,2365.000000,0.001009,0.999911
48,55,3,0.000024,0.999992,147.000000,0.000063,0.999974
56,63,1,0.000008,1.000000,62.000000,0.000026,1.000000

histogram,link count
count,124767,items
average,1.000000,links
min,1,links
max,1,links
bucket min,bucket max,count,percent,cumulative pct,val count,percent,cumulative pct
0,1,124767,1.000000,1.000000,124767.000000,1.000000,1.000000

histogram,symlink target length
count,1,items
average,66.000000,chars
min,66,chars
max,66,chars
bucket min,bucket max,count,percent,cumulative pct,val count,percent,cumulative pct
64,71,1,1.000000,1.000000,66.000000,1.000000,1.000000

relative symlink target pct,0.000000
absolute symlink target pct,1.000000
histogram,mtime (files)
count,124767,items
average,3.159885,days
min,0,days
max,182,days
bucket min,bucket max,count,percent,cumulative pct,val count,percent,cumulative pct
0,2,34812,0.279016,0.279016,62973.366424,0.159730,0.159730
2,4,42228,0.338455,0.617471,87773.998785,0.222636,0.382366
4,8,47649,0.381904,0.999375,240651.359838,0.610404,0.992769
8,16,55,0.000441,0.999816,444.995081,0.001129,0.993898
16,32,1,0.000008,0.999824,17.338634,0.000044,0.993942
32,64,7,0.000056,0.999880,425.563657,0.001079,0.995022
64,128,2,0.000016,0.999896,239.786806,0.000608,0.995630
128,256,13,0.000104,1.000000,1722.968356,0.004370,1.000000

histogram,mtime (KB)
count,1128843646,items
average,2.615685,days
min,0,days
max,182,days
bucket min,bucket max,count,percent,cumulative pct,val count,percent,cumulative pct
0,2,593326133,0.525605,0.525605,797245736.599060,0.270006,0.270006
2,4,178705713,0.158309,0.683914,370144209.289749,0.125358,0.395364
4,8,356465374,0.315779,0.999693,1782505007.723188,0.603687,0.999050
8,16,346406,0.000307,1.000000,2802426.696623,0.000949,0.999999
16,32,0,0.000000,1.000000,2.726094,0.000000,0.999999
32,64,6,0.000000,1.000000,417.996371,0.000000,0.999999
64,128,3,0.000000,1.000000,456.331684,0.000000,1.000000
128,256,7,0.000000,1.000000,1090.296837,0.000000,1.000000

histogram,ctime (files)
count,124767,items
average,3.142045,days
min,0,days
max,8,days
bucket min,bucket max,count,percent,cumulative pct,val count,percent,cumulative pct
0,2,34812,0.279016,0.279016,62973.316181,0.160637,0.160637
2,4,42228,0.338455,0.617471,87773.992616,0.223900,0.384536
4,8,47649,0.381904,0.999375,240650.820336,0.613868,0.998405
8,16,78,0.000625,1.000000,625.427292,0.001595,1.000000

histogram,ctime (KB)
count,1128843646,items
average,2.615650,days
min,0,days
max,8,days
bucket min,bucket max,count,percent,cumulative pct,val count,percent,cumulative pct
0,2,593326133,0.525605,0.525605,797244326.134435,0.270009,0.270009
2,4,178705713,0.158309,0.683914,370143187.115627,0.125359,0.395368
4,8,356465374,0.315779,0.999693,1782494842.967942,0.603691,0.999059
8,16,346424,0.000307,1.000000,2777787.142226,0.000941,1.000000

histogram,atime (files)
count,124767,items
average,3.159885,days
min,0,days
max,182,days
bucket min,bucket max,count,percent,cumulative pct,val count,percent,cumulative pct
0,2,34812,0.279016,0.279016,62973.366424,0.159730,0.159730
2,4,42228,0.338455,0.617471,87773.998785,0.222636,0.382366
4,8,47649,0.381904,0.999375,240651.359838,0.610404,0.992769
8,16,55,0.000441,0.999816,444.995081,0.001129,0.993898
16,32,1,0.000008,0.999824,17.338634,0.000044,0.993942
32,64,7,0.000056,0.999880,425.563657,0.001079,0.995022
64,128,2,0.000016,0.999896,239.786806,0.000608,0.995630
128,256,13,0.000104,1.000000,1722.968356,0.004370,1.000000

histogram,atime (KB)
count,1128843646,items
average,2.615685,days
min,0,days
max,182,days
bucket min,bucket max,count,percent,cumulative pct,val count,percent,cumulative pct
0,2,593326133,0.525605,0.525605,797245736.599060,0.270006,0.270006
2,4,178705713,0.158309,0.683914,370144209.289749,0.125358,0.395364
4,8,356465374,0.315779,0.999693,1782505007.723188,0.603687,0.999050
8,16,346406,0.000307,1.000000,2802426.696623,0.000949,0.999999
16,32,0,0.000000,1.000000,2.726094,0.000000,0.999999
32,64,6,0.000000,1.000000,417.996371,0.000000,0.999999
64,128,3,0.000000,1.000000,456.331684,0.000000,1.000000
128,256,7,0.000000,1.000000,1090.296837,0.000000,1.000000

